-56.8157417804247
[[ 0.28260894 -0.15019915 -0.14146688]
 [-0.78125188 -0.28935266 -0.19703296]
 [ 0.82882913 -0.78210723  0.54683059]
 [ 0.86475336 -0.95142936 -0.57445863]
 [-1.18442968  0.13498716  0.72910559]
 [-0.27075628  0.48752448 -0.81913881]
 [-0.12301325 -0.63626383 -1.02235856]
 [ 1.35778309 -0.03085194 -0.12757184]
 [ 0.65767709  0.85581339 -0.27814297]
 [-0.28663311  0.64754827  0.3076237 ]
 [-1.05288484 -0.99407964  0.60197089]
 [-1.23116232  0.71203355 -0.25734896]
 [-0.09940424 -1.15231041  0.00679881]
 [ 0.75833078  0.06703203 -1.08742841]
 [ 0.71262615  0.33337595  0.72942093]
 [-0.18234898 -0.35044923  0.81028616]]