-170.1544379517572
[[-0.06509992  1.58970223 -0.99081608]
 [ 0.07949942 -1.23189303  1.26135802]
 [-0.48412038 -0.31377508  1.51556763]
 [ 0.38153208  0.84311484  0.94101566]
 [ 0.30546237 -0.69478927 -0.18280366]
 [ 0.87127215  1.01405745 -0.78954879]
 [ 0.92933715 -0.97059298 -1.5520884 ]
 [-1.04188225 -1.24562028  1.34798032]
 [-0.48631996  0.77810457  1.63349896]
 [-1.10459493 -1.69106982  0.34482635]
 [-1.19306359 -0.54985896 -1.17252112]
 [-1.47379428  0.37804903  0.0221037 ]
 [ 0.87373698 -0.08716981 -0.8910755 ]
 [-1.42166864 -0.27422165  0.92703299]
 [-0.53442222  1.43535702  0.74311622]
 [ 0.32386806  0.39404233 -0.06187934]
 [-0.57460968  0.97455525 -0.24790379]
 [-1.48474971 -0.71672221 -0.08701432]
 [-0.61893484 -1.22498909 -0.51863875]
 [ 1.01406721 -0.72466816  1.57772506]
 [ 1.30162881  0.25866404  1.14769043]
 [-0.54130021 -0.75940583  0.49367912]
 [ 1.29028437 -1.06636531 -0.50291427]
 [-0.5898784  -0.12002827 -0.3746911 ]
 [-1.4223605   0.82987851  1.03644982]
 [ 0.37059484 -0.25332563  0.81841015]
 [ 0.02263411 -1.67796716  0.25013364]
 [-1.1736783   0.54908676 -1.04567275]
 [ 0.4355185   0.1888918   1.83607435]
 [ 0.33385418  1.50368962  0.05233304]
 [ 0.36844867 -1.58681017 -0.81702457]
 [-0.06077021 -0.60391118 -1.22051373]
 [ 1.25062086  0.91209598  0.24934074]
 [-0.53726878  0.32684194  0.62283472]
 [ 1.24108619 -0.18179775  0.14587163]
 [-0.05552804  0.4884337  -1.10476001]
 [ 0.95237648 -1.16673268  0.5623653 ]
 [-1.46693661  1.4795394   0.12689256]]