-56.79327329540575
[[ 0.46560439  0.00257952 -0.40693962]
 [ 0.27428038  0.99690644 -0.79189781]
 [ 1.16145018  0.7680356  -0.09411097]
 [-0.23033505 -0.76649649 -0.72165658]
 [-0.89979833  0.430354    0.59631032]
 [ 0.85726811 -0.10610129  0.59024525]
 [ 0.06707065  0.08456079 -1.40953296]
 [ 1.50421845 -0.29633351 -0.31410301]
 [ 0.65323713 -1.00813075 -0.0532151 ]
 [ 0.02596766  0.23804808  1.25305189]
 [-0.20147236 -0.3856521   0.34245487]
 [ 0.9234687   0.91247906  1.00628888]
 [ 0.10992657  0.74236578  0.2865339 ]
 [ 0.83355516 -0.7181651  -1.12837731]
 [ 1.14480135  0.37608147 -1.16106079]
 [-0.57574008  0.29288611 -0.48169619]]