-56.81574178042462
[[-0.24622827  0.38690861  1.11509524]
 [ 0.24782414 -0.84301611 -0.14529685]
 [-0.61911848 -0.26235328  0.26796445]
 [ 0.37893975  0.14506874  0.26533288]
 [ 0.87195268  0.19676071  1.22694744]
 [-1.16919317  0.25679095 -0.53415471]
 [ 0.17536847 -0.65771981  0.96625694]
 [-0.08951907  0.13371452 -0.70144969]
 [ 0.50159487  1.12940573  0.69472815]
 [-0.70572003 -0.77195656 -0.72158551]
 [ 0.99652236 -0.10832342 -0.58703319]
 [ 1.38631418  0.53683641  0.27299262]
 [ 1.17660427 -0.56607947  0.43684753]
 [ 0.5984761   0.95885006 -0.4175449 ]
 [ 0.31287686 -0.73587334 -1.24063995]
 [-0.42797298  0.84577829  0.09200716]]