-137.68045461323138
[[-0.29903724 -0.78958021 -0.64348461]
 [ 0.59703601 -1.33564033 -0.1312018 ]
 [-0.16339572 -0.80483982  1.58472123]
 [ 0.43313552 -0.30312471  0.01115806]
 [ 0.33084274  1.31243236 -0.72823826]
 [ 1.46121392 -0.5390801  -0.01329725]
 [-0.71669145  0.83133262  0.77441529]
 [-0.43648698  0.37370956  1.81235548]
 [-1.03943379 -0.25484057  1.00688373]
 [ 0.34608688 -1.76948287  0.87588233]
 [ 1.06039989  0.46348762 -0.45800915]
 [ 1.75991768 -0.46627735  1.06877903]
 [ 1.45256369 -1.49242392  0.57416569]
 [-0.72034215  1.00481359 -0.37086042]
 [ 0.75567441 -0.50394385 -0.99615228]
 [-0.11992012  1.72182731  0.32111285]
 [ 1.01755874  1.37973358  0.2554362 ]
 [ 0.01205942  0.01793599  0.92834492]
 [ 0.68067894  0.53691158 -1.54082769]
 [-1.571273    0.38403568  0.12309682]
 [-0.58863153  0.00606529  0.06056232]
 [-1.30433403 -0.76048246 -0.06135232]
 [ 0.3439069   1.0202605   1.19562047]
 [ 0.01247518  0.26819848 -0.76546983]
 [ 0.19288105  0.72642833  0.16718837]
 [ 0.74044612  0.02828083  1.70803732]
 [-0.1865567  -0.26246706 -1.65914941]
 [-0.45638364  0.88367094 -1.48709939]
 [ 1.06499389  0.30280792  0.66704643]
 [-1.04582228  0.04348466 -0.91606421]
 [-0.30513153 -0.9601119   0.48011272]
 [ 0.73479038 -0.76500553  0.92064339]]