-122.0039107369777
[[ 0.08468913 -0.14552432  1.46115518]
 [ 1.51132125  1.47057126  0.76372732]
 [-0.83649152  0.61659845  0.0054294 ]
 [-0.16830484 -0.85561873 -0.72345807]
 [-0.0279973  -1.57807845  0.26647515]
 [-0.80480841  1.24186126 -0.92529869]
 [ 0.38175344  0.07943116 -0.47345037]
 [ 1.03810877  2.39880709  0.30154453]
 [-0.6520009   1.49944062  0.56318191]
 [ 0.08724062  1.09286064 -0.33424137]
 [ 0.41853906  1.55342487  0.59527114]
 [-0.69857193 -1.0138717   0.97179159]
 [-0.50814154 -0.43743406 -1.82481614]
 [ 0.97003566 -0.0979694   0.8134988 ]
 [-0.85105434  0.07893042  0.94366765]
 [-0.93769291 -1.55389247 -0.30466044]
 [ 1.12381316  0.50855649 -1.8628844 ]
 [ 0.11944135  0.70998307 -1.40135455]
 [ 0.7880774   0.84564541  1.35211206]
 [ 0.52799146 -0.3182832  -1.4793946 ]
 [ 0.97826501 -1.10912379  0.4198894 ]
 [ 1.04155026  1.08039954 -0.9247226 ]
 [-0.62694364  0.12840714 -0.90588833]
 [ 0.09306061  0.52917467  0.56513778]
 [ 0.04129235 -0.50684477  0.3661915 ]
 [-0.27630878  2.09901968 -0.34357627]
 [ 1.05977556  0.71998726  0.08764935]
 [-0.32659276  0.94137236  1.47062511]
 [ 0.92487513 -0.92425847 -0.65832356]
 [ 1.40287242  0.04834619 -0.8639137 ]
 [-1.23434969 -0.78882697 -1.0602621 ]
 [-0.96577378 -0.49237117 -0.01534069]]