-142.26336234039837
[[-1.326328   -0.13971271 -1.25885181]
 [-0.32543557 -0.30273125  0.34585801]
 [ 0.59890735 -0.71553052 -0.04243348]
 [-1.28472531 -0.70408705 -0.16150507]
 [ 0.69325106  0.22766417  0.48144049]
 [-0.37506256 -2.19594013  0.67499354]
 [-2.00796084 -0.92455415 -0.93799382]
 [-1.13655502  1.28408604 -0.04409563]
 [-0.44812943 -0.599445   -0.82474625]
 [-0.24946776  1.03231439  1.91884278]
 [ 0.56327191 -1.59951498  0.60810013]
 [-0.10684475  1.60671943 -0.37505276]
 [ 0.51851351  1.2193074  -1.23865439]
 [-0.32896459 -1.35885468  1.40848843]
 [-1.58272117  0.92261351 -0.97953151]
 [-0.24848158  0.76582616  0.30765768]
 [ 1.1858371   0.08841116 -0.65844328]
 [ 1.37261982 -0.82487697  0.75601486]
 [ 0.80047326  1.0674991  -0.1818704 ]
 [-1.32069422 -1.7484617   0.18873155]
 [ 1.42481229 -0.4429805  -1.62150268]
 [-2.00404818  0.1008703  -0.35213731]
 [ 0.39914131  0.18178946 -1.5677513 ]
 [ 1.6336957  -0.83913563 -0.36239385]
 [ 0.15198369  0.22562565 -0.5134764 ]
 [ 0.54951278 -0.78995134 -1.12117808]
 [ 0.38307117 -0.62738924  1.09329447]
 [-1.01707814 -1.51730742 -0.87733192]
 [-1.15577878 -0.86862506  0.88327692]
 [-1.13859494  0.25633021  0.73968312]
 [-0.92760337  0.28470479 -0.35071454]
 [-0.50649295  0.85021405 -1.12993081]
 [-0.32679636 -1.31992104 -0.01041762]
 [-0.87593952  1.28668576  1.05241719]
 [ 0.334063    1.3391485   0.99175234]
 [-2.09296315  0.31122727  1.17981629]
 [-0.95091964  2.32602621 -0.41633457]
 [ 1.77232269  0.09075668  0.28398211]]