-122.13671470633275
[[-0.53775423 -1.19669994 -0.20464393]
 [ 0.57192847  1.16624214 -1.15699717]
 [-0.73010574  1.25371707  0.66710868]
 [ 1.64070322  0.24702741 -0.80091348]
 [ 0.20153254 -0.45625386 -0.18641556]
 [-0.59643886 -0.81432102  0.89069431]
 [ 1.72122913  0.67944027  0.19086339]
 [ 0.30560973  0.80341915  0.83595204]
 [-1.1158344  -1.71088183  0.55436971]
 [ 1.26509216 -0.35749041  0.09227922]
 [ 0.12444942  0.20311347 -1.13477709]
 [-1.38191439 -0.52414598  0.17845029]
 [ 0.19586851 -0.96565238  1.64869302]
 [ 0.13832863  1.91861082 -0.46359854]
 [ 0.95946961 -1.33614648 -0.26478966]
 [-1.80699766 -0.15695594 -0.78455512]
 [-0.17325587 -0.87306926 -1.19890965]
 [-0.74402    -0.12059118 -0.61443669]
 [ 1.33283558  0.15891825  1.06553356]
 [-0.25863427  0.89996755 -0.29370464]
 [-0.53269032  0.16513886  0.42024478]
 [-1.59451704 -1.41336946 -0.45824994]
 [ 0.2625713  -1.34929207  0.5541268 ]
 [ 1.17887482 -0.94109746  1.0625985 ]
 [-0.40908619  0.13283788  1.50124653]
 [-1.33868714  0.73371764 -0.20371063]
 [ 0.71349075  0.50093096 -0.22797852]
 [ 0.90300811 -0.53822512 -1.01662147]
 [ 0.37880712 -0.26962044  0.83617811]
 [ 1.16696482  1.4965117  -0.27223011]
 [-0.81877415  0.8486588  -1.20806197]
 [ 0.60932526  0.07256512  1.8577964 ]]