-55.84871994671202
[[-0.11758151 -0.80707113 -0.11464316]
 [-0.1092428   0.26342498 -0.24319844]
 [ 0.3171449   0.83639623  0.56636948]
 [-1.08703986 -1.15327804 -0.51675576]
 [-1.08945155 -0.14640193 -0.05926799]
 [ 1.4146027   0.6548448   0.52860767]
 [-0.94313173  0.71697254 -0.76383252]
 [ 0.72813859 -0.1840521   0.27503688]
 [ 0.07339581  0.61643877 -1.24987382]
 [-0.93241014 -1.01850067  0.60138533]
 [-0.79158121  0.85161763  0.35958045]
 [ 0.57905645 -0.31494737 -0.8470381 ]
 [-0.07392501  1.33631135 -0.37620198]
 [ 0.85962199  0.70122555 -0.43469884]
 [-0.54692745 -0.31754442 -1.04161004]
 [-0.3003852  -0.10069163  0.75510979]]